181 28
182 28
183 29
184 29
185 35
186 41
187 47
188 53
189 59
190 65
191 71
192 78
193 84
194 90
195 96
196 102
197 108
198 114
199 120
200 126
201 132
202 138
203 137
204 132
205 126
206 121
207 116
208 110
209 105
210 99
211 94
212 88
213 83
214 78
215 72
216 67
217 61
218 56
219 51
220 45
221 41
222 40
223 39
224 38
225 37
226 36
227 35
228 34
229 33
230 31
231 30
232 29
233 28
234 27
235 26
236 25
237 24
238 23
239 22
240 22
241 22
242 22
243 22
244 22
245 22
246 22
247 22
248 22
249 22
250 22