550 22
551 22
552 22
553 22
554 22
555 22
556 22
557 22
558 22
559 22
560 22
561 22
562 22
563 23
564 25
565 28
566 30
567 33
568 35
569 38
570 40
571 43
572 45
573 48
574 50
575 53
576 55
577 58
578 60
579 63
580 65
581 68
582 70
583 73
584 75
585 78
586 81
587 83
588 86
589 88
590 91
591 94
592 96
593 99
594 102
595 104
596 107
597 109
598 112
599 115
600 111
601 106
602 101
603 97
604 92
605 88
606 83
607 78
608 74
609 69
610 65
611 60
612 55
613 51
614 46
615 41
616 37
617 32
618 33
619 36
620 39
621 43
622 46
623 49
624 53
625 56
626 59
627 63
628 66
629 69